16044133
16044138
16044139
16045047
16045048
16045049
16045054
16045055
16045056
16045067
16045068
16045097
16045099
16045100
16045106
16045110
16045112
16045113
16045114
16045115
16045118
16045119
16046008
16046009
16046010
16046012
16046013
16046014
16046016
16046019
16046020
16046035
16046036
16046037
16046039
16046042
16046046
16046048
16046049
16046058
16046059
16046062
16046064
16046065
16046066
16046075
16046078
16046080
16046081
16046082
16047124
16047125
16047138
16048001
16048002
16048015
16048019
16048024
16048028
16048111
16048115
16048116
16048117
16048119
16048120
16048121
16048122
16048125
16048126
16048127
16048128
16049013
16049017
16049018
16049020
16049022
16049023
16049024
16049025
16050038
16050039
16050041
16050042
16050048
16050049
16050050
16050051
16050052
16050054
16050066
16050070
16050072
16050076
16051001
16051003
16051007
16051008
16051030
16051031
16051033
16051034
16051037
16051038
16051039
16051041
16051044
16051045
16051048
16051052
16051056
16051057
16051058
16051060
16051103
16051104
16051106
16051107
16051110
16051111
16052015
16052017
16052018
16052019
16052028
16052030
16052031
16052038
16052044
16052049
16052050
16052051
16053001
16053002
16053003
16053005
16053006
16053008
16053009
16053010
16053011
16053012
16053017
16053019
16053030
16053031
16053043
16053044
16053051
16053052
16053053
16053054
16053055
16053056
16053057
16053058
16053062
16053063
16053064
16053065
16053066
16053067
16053075
16053079
16054001
16054010
16054011
16054013
16054014
16054019
16054020
16054061
16054062
16054063
16054064
16054070
16054072
16054078
16054080
16054082
16055003
16055005
16055007
16055010
16055011
16055012
16055013
16055121
16055122
16055123
16055124
16055125
16055128
16055129
16055130
16055131
16055132
16055133
16055134
16056018
16056019
16056022
16056023
16057003
16057004
16057005
16057006
16057007
16057009
16057010
16057011
16057012
16057016
16057017
16057018
16057047
16057048
16057050
16057051
16057053
16058005
16058006
16058015
16058017
16058018
16058019
16058020
16058021
16058022
16058023
16058024
16058026
16058082
16058083
16058086
16058087
16058088
16058090
16058091
16058093
16058095
16058096
16058100
16059017
16059018
16059019
16059022
16059023
16059024
16059025
16059026
16059030
16059031
16059041
16059064
16059065
16059066
16059067
16059068
16060002
16060003
16060005
16060028
16060031
16060032
16060037
16060038
16060039
16060040
16060041
16060042
16060044
16060045
16060055
16060056
16060057
16060058
16060060
16060061
16060062
16060063
16060064
16060065
16061009
16061010
16061011
16061013
16061014
16061015
16061016
16061017
16061018
16061038
16061039
16061049
16061077
16062001
16062002
16062003
16062005
16062006
16062015
16062016
16062017
16062021
16062022
16062023
16062024
16062047
16062048
16062049
16062050
16062051
16062052
16062054
16062055
16062057
16063002
16063003
16063004
16063005
16063006
16063007
16063094
16063095
16063096
16063099
16063100
16063113
16064008
16064009
16064010
16064016
16064017
16064018
16064019
16064020
